Node Type:
Fast, Received block: 9 at 64141.95565006215 with 8 transactions
Generated block: 15 at 136123.36228097783
Received block: 14 at 136122.36228097783 with 139 transactions
Generated block: 23 at 151164.77993625627
Generated block: 31 at 158722.08751895544

Chains at node:
G <- 9 <- 14 
Length of longest chain: 2

