Node Type:
Fast, Received block: 9 at 64131.46628341828 with 8 transactions
Generated block: 14 at 135697.74668507045

Chains at node:
G <- 9 <- 14 
Length of longest chain: 2

