Node Type:
Fast, Received block: 9 at 64283.45425868954 with 8 transactions
Received block: 14 at 135943.7658946741 with 139 transactions

Chains at node:
G <- 9 <- 14 
Length of longest chain: 2

