Node Type:
Fast, Received block: 9 at 64342.607815685034 with 8 transactions
Received block: 14 at 136020.2746534068 with 139 transactions

Chains at node:
G <- 9 <- 14 
Length of longest chain: 2

