Node Type:
Fast, Received block: 9 at 64068.86685971565 with 8 transactions
Received block: 14 at 135952.87342971688 with 139 transactions

Chains at node:
G <- 9 <- 14 
Length of longest chain: 2

