Node Type:
Fast, Received block: 10 at 33149.936640837586 with 18 transactions
Received block: 12 at 51628.25829259671 with 75 transactions
Received block: 28 at 76879.99957606231 with 54 transactions
Generated block: 38 at 104035.80301964344

Chains at node:
G <- 10 <- 12 <- 28 
Length of longest chain: 3

