Node Type:
Slow, Received block: 10 at 33404.908880302806 with 18 transactions
Received block: 12 at 51638.31538920229 with 75 transactions
Received block: 28 at 76933.516840853 with 54 transactions

Chains at node:
G <- 10 <- 12 <- 28 
Length of longest chain: 3

