Node Type:
Fast, Received block: 10 at 33135.102940438715 with 18 transactions
Received block: 12 at 51909.0206161447 with 75 transactions
Received block: 28 at 77072.92613855764 with 54 transactions

Chains at node:
G <- 10 <- 12 <- 28 
Length of longest chain: 3

