Node Type:
Slow, Received block: 10 at 33285.58789791672 with 18 transactions
Received block: 12 at 51730.16969747111 with 75 transactions
Received block: 28 at 76682.85281866202 with 54 transactions

Chains at node:
G <- 10 <- 12 <- 28 
Length of longest chain: 3

