Node Type:
Fast, Received block: 6 at 262131.27978051495 with 9 transactions
Received block: 17 at 324810.47733894497 with 145 transactions

Chains at node:
G <- 6 <- 17 
Length of longest chain: 2

