Node Type:
Slow, Received block: 10 at 33343.37899725201 with 18 transactions
Received block: 12 at 51860.77312492847 with 75 transactions
Received block: 28 at 76900.54645043971 with 54 transactions

Chains at node:
G <- 10 <- 12 <- 28 
Length of longest chain: 3

