Node Type:
Slow, Received block: 6 at 262082.14809217607 with 9 transactions
Received block: 17 at 324937.5736781442 with 145 transactions

Chains at node:
G <- 6 <- 17 
Length of longest chain: 2

