Node Type:
Slow, Received block: 6 at 261926.01192283788 with 9 transactions
Received block: 17 at 325112.09814371204 with 145 transactions

Chains at node:
G <- 6 <- 17 
Length of longest chain: 2

