Node Type:
Fast, Received block: 10 at 33219.31053340727 with 18 transactions
Received block: 12 at 52015.5146022069 with 75 transactions
Received block: 28 at 76923.08086481926 with 54 transactions

Chains at node:
G <- 10 <- 12 <- 28 
Length of longest chain: 3

