Node Type:
Fast, Received block: 8 at 140788.8763038937 with 11 transactions
Received block: 11 at 141120.45821035936 with 10 transactions
Received block: 15 at 574747.7247312173 with 70 transactions

Chains at node:
G <- 11 
G <- 8 <- 15 
Length of longest chain: 2

