Node Type:
Slow, Received block: 8 at 141026.1045615302 with 11 transactions
Received block: 11 at 141149.66686971765 with 10 transactions
Received block: 15 at 575003.132396063 with 70 transactions

Chains at node:
G <- 11 
G <- 8 <- 15 
Length of longest chain: 2

