Node Type:
Fast, Received block: 8 at 141011.18286384924 with 11 transactions
Received block: 11 at 141110.02307506278 with 10 transactions
Received block: 15 at 574794.1219325776 with 70 transactions

Chains at node:
G <- 11 
G <- 8 <- 15 
Length of longest chain: 2

