Node Type:
Fast, Received block: 8 at 140904.1525385327 with 11 transactions
Received block: 11 at 141015.42751768223 with 10 transactions
Received block: 15 at 574946.8731035949 with 70 transactions

Chains at node:
G <- 11 
G <- 8 <- 15 
Length of longest chain: 2

