Node Type:
Slow, Received block: 8 at 140951.69689296748 with 11 transactions
Received block: 11 at 141040.0542237002 with 10 transactions
Received block: 15 at 574945.8892488958 with 70 transactions

Chains at node:
G <- 11 
G <- 8 <- 15 
Length of longest chain: 2

