Node Type:
Fast, Received block: 8 at 140933.89963386487 with 11 transactions
Received block: 11 at 141063.6305436127 with 10 transactions
Received block: 15 at 574774.567306859 with 70 transactions

Chains at node:
G <- 11 
G <- 8 <- 15 
Length of longest chain: 2

