Node Type:
Slow, Generated block: 8 at 140588.01181326646
Received block: 11 at 141052.11759038037 with 10 transactions
Received block: 15 at 575049.4273354004 with 70 transactions

Chains at node:
G <- 11 
G <- 8 <- 15 
Length of longest chain: 2

