Node Type:
Fast, Received block: 8 at 141033.5074402293 with 11 transactions
Received block: 11 at 141174.07920891387 with 10 transactions
Received block: 15 at 574811.1356026152 with 70 transactions

Chains at node:
G <- 11 
G <- 8 <- 15 
Length of longest chain: 2

